# Created by Octave 3.0.1, Tue Oct 27 07:25:19 2009 ART <nisi@nisi-desktop>
# name: state
# type: matrix
# rows: 50
# columns: 3
 1 1 100000
 1 1 100000
 1 1 100000
 1 1 100000
 1 1 100000
 1 1 100000
 1 1 100000
 1 1 100000
 1 1 100000
 1 1 100000
 1 1 100000
 1 1 100000
 1 1 100000
 1 1 100000
 1 1 100000
 1 1 100000
 1 1 100000
 1 1 100000
 1 1 100000
 1 1 100000
 1 1 100000
 1 1 100000
 1 1 100000
 1 1 100000
 1 1 100000
 1 1 100000
 1 1 100000
 1 1 100000
 1 1 100000
 1 1 100000
 1 1 100000
 1 1 100000
 1 1 100000
 1 1 100000
 1 1 100000
 1 1 100000
 1 1 100000
 1 1 100000
 1 1 100000
 1 1 100000
 1 1 100000
 1 1 100000
 1 1 100000
 1 1 100000
 1 1 100000
 1 1 100000
 1 1 100000
 1 1 100000
 1 1 100000
 1 1 100000
